 22.82357863
 25.48669239
 28.44815367
 31.73675933
 35.38276963
 39.41764063
 43.87366691
 48.78353112
 54.17976248
 60.09411379
 66.55687483
 73.59614826
 81.23712199
 89.50137672
 98.40626951
107.96443134
118.18341038
129.06548178
140.60763228
152.80171479
165.63475560
179.08938784
193.14437873
207.77521623
222.95472173
238.65365968
254.84132010
271.48605648
288.55576723
306.01831464
323.84187942
341.99525247
360.44806796
379.17098312
398.13581105
417.31561305
436.68475673
456.21894591
475.89522759
495.69198062
515.58889025
535.56691204
555.60822774
575.69619590
595.81529877
615.95108728
636.09012514
656.21993318
676.32893440
696.40640062
716.44240072
