 21.91401526
 24.47345309
 27.32115478
 30.48346646
 33.98785156
 37.86822401
 42.15491252
 46.87707780
 52.06853223
 57.75827280
 63.97492620
 70.74608925
 78.09602993
 86.04571967
 94.61253663
103.80833503
113.63927157
124.10990305
135.21561470
146.94726985
159.29269055
172.23653856
185.75667749
199.83049873
214.43193581
229.53486327
245.10831896
261.12151842
277.54212790
294.33947480
311.48280175
328.94228734
346.68862085
364.69587381
382.93454603
401.37812950
420.00376555
438.78807737
457.70910833
476.74515674
495.87643374
515.08579961
534.35664986
553.67254339
573.01866182
592.37993680
611.74429687
631.09930036
650.43442675
669.74013191
689.00585091
