 21.49428596
 24.00805260
 26.83034330
 29.99064468
 33.51865719
 37.44393325
 41.79550242
 46.60149056
 51.88874043
 57.68244099
 64.00577270
 70.87957588
 78.32204856
 86.34848001
 94.97102491
104.19852279
114.03636607
124.48641896
135.54698881
147.21284983
159.47531841
172.32237809
185.73885112
199.70661269
214.20484317
229.21031285
244.69769311
260.63988778
277.00837781
293.77357259
310.90516115
328.37245686
346.14472933
364.19151797
382.48292233
400.98986461
419.68432112
438.53951985
457.53010249
476.63224979
495.82377043
515.08415415
534.39459056
553.73795611
573.09877195
592.46313623
611.81863439
631.15423182
650.46015283
669.72775039
688.94937076
