491.31734849
491.42401333
491.85121029
492.62333281
493.76541176
495.30287074
497.26124418
499.66586198
502.54150632
505.91204767
509.80006900
514.22648815
519.21018950
524.76767639
530.91275539
537.65626335
545.00584609
552.96579668
561.53695821
570.71669420
580.49892664
590.87423952
601.83004294
613.35079119
625.41824619
638.01177697
651.10868471
664.68454336
678.71354564
693.16884545
708.02288858
723.24772485
738.81529652
754.69769879
770.86741018
787.29749133
803.96175221
820.83488867
837.89258971
855.11161791
872.46986531
889.94638760
907.52141949
925.17637399
942.89382823
960.65749851
978.45220661
996.26383959
1014.07930480
1031.88648156
1049.67417094
